056090152583
034090230768
011305216592
004306847820
056202444959
040207530393
042205463266
072189840337
030300071231
044300191425
038199402553
084090691263
096303299299
091098562510
080201017124
075205795061
045194107223
095096210179
072095048639
049192305407
070099134336
019307165808
070090437901
027198344631
036204811130
070303287372
084092824884
035194794062
093205285840
066207306545
026099530486
060098591753
093301202874
026205282697
083090680657
022189214024
074307599325
036092816459
062197027906
019190625761
062198566311
008092510276
074099657208
051193237046
094304498322
040098091095
008091225622
091202843247
011206705203
042194005009
054307918171
084194959815
036090726883
079088271209
031307504023
033190233262
024088104746
075304535449
027196269625
077301035917
030304786959
058091468738
087093386211
011096569824
058300205438
037200907587
038088995704
070095689191
064301021192
051098110523
087194665538
072097551934
062089932146
077089188144
056304519073
031191885689
040096672151
080198205975
072307311171
001099902123
033193761271
092199364317
079207633447
033201567491
091207070523
035094625252
037198043782
014099307345
006300147047
040207837008
094201826235
033199692125
087303658451
089193088850
033200119759
019199133325
067195528381
086201733691
044089550382
044199469319
008093193312
042094617733
001189246309
004202107151
066198887369
008203052910
096193338463
049194173869
062194281124
045196991732
011094363718
062194424509
052305629563
051194459595
019303472210
008197023397
022207923318
072205392847
067201463752
070203633654
046091798209
052195561644
036202525254
095300887767
048194364797
093307761511
022202262826
074098141692
001201028003
034097448937
045095588013
060199345857
022195199118
095189787308
082096755671
052189145608
004089322266
046193058922
044093892713
096189943870
038095001099
040099755326
049198817891
062303331400
072196805943
035202297532
094094201871
072190695062
077188906920
064196698041
062200180698
068301193956
062088989738
096307758826
094207129165
083301635154
083188994190
038305354059
074097839470
052194855487
070205650588
011090317619
040304789485
033193816550
001189827837
035194491025
044197264854
094303196483
093090230520
056194251226
038303767511
083194363232
083088976398
052096184994
026197681111
031195292059
056198250811
022305389324
058189058293
038094721114
046091709520
035188119618
080301117633
052190701768
075092818246
034192439643
022302070237
033191613259
060201949724
022092059710
086192195902
089188560222
075088759042
022306650478
072088329509
060302394506
074099772218
077094575555
038092790738
019199188434
017307376755
019096479805
026205306045
084091297117
006307308566
086092492520
030099307918
019197538733
052306935441
036099467151
008201089360
006203082411
075302814709
070092774002
044092390200
008096840528
049197497520
004200473812
091096253424
022300539826
089199018002
086207453212
030091373720
038191610999
092191165590
042194403883
056194741549
052304142971
017201410282
066196851569
077196470834
067088705636
046199775501
052204426907
031196074059
067099943115
037305428023
030198957225
046199301182
031305373936
072088064625
084199023690
083196321649
030092663068
094188448927
008190783456
004095904398
051203628129
008099022571
091088422643
089099091810
091095016562
024192771369
060304479230
034093797100
072190439728
022304431841
062300364112
011096145116
024302643846
054089260850
070195328887
067197195972
086190986815
001207367255
033207314560
074203154654
082091954986
054189336152
077097915121
075199663589
062197352397
092307922837
027204741837
022201974281
036189405832
084088100555
040303494255
033206584865
036201231840
072092462977
095095749418
052199555719
067096593037
095196251651
058196912965
001093819892
067093950156
037304814986
070091461832
052195799776
014091359308
068189132763
087206102907
052198812441
070300707372
024301532833
036188002106
036303053472
056096297395
082096395296
086202836317
044091227396
034097752769
052092437819
096190671202
004099371240
030305702041
048096393251
040301294720
054202056628
044098795904
036207333170
038099149239
084199552241
011307014613
095095632039
075203124975
092196185129
051203186899
006205500382
082090181964
046098321611
089303670694
062303435107
075206358304
008202175845
027095266017
079197332392
011195686666
033197696456
064089373656
054091135096
030092410107
066192554068
066198120221
031091391599
086093188517
067094986988
014306575763
062097334806
094198847948
022094088669
080306655061
083201625473
060204524492
006202686411
008188268972
011091397761
022189027505
011190283795
006191299020
082197447420
056196489507
027098108302
075305240464
080302823524
054092135900
045303116500
068205907477
064192629284
048088125024
068097184877
011204143881
068207835216
062091934143
058090107570
045093901720
072307319805
095091759360
093096383861
011099735148
011189232119
096203246895
082190516476
033088165050
024188704198
084188900918
048305367407
089205965043
027304662788
024094614584
046201589727
054203828744
056099581531
072188238588
084092053718
082198817254
083091407112
096197549518
064089768707
083096193605
034301520594
062092386253
031201745435
048193738912
093207610831
074196616728
036207601875
070194879421
068303383830
044205729223
048092354683
087096964532
042301964234
091193939328
089206973613
067194099098
019194265125
017196067352
092304888175
036095883514
033096908309
075191159390
004306696476
095206118979
077188762604
083091704994
095089120355
024306462385
004304788555
056095268732
068302131084
008307317790
027188682666
017191456163
077190088378
014306575751
092302587636
038198183309
014206127701
082203984295
019204719862
014307943703
038197759724
011092076140
077199927775
060099750812
089305868398
052188830328
024088494331
080200711187
084089810745
092097614358
066093522359
079194517466
058198523596
095093763794
086306366614
086188080208
027089504375
008088570267
044098569515
011201281939
024202318844
067194106143
037304511640
056202480701
092194581009
072194559203
093304492238
064198924118
008097617833
001188797694
083203730398
036088919618
051093505409
068201386591
082202431298
004191526963
014088410366
086201924894
036301067317
037088618040
074093907712
082193258039
067190401350
033094906734
060099506395
064307793053
064095906813
051203528881
095191932778
001301145009
056197288835
084188529370
040094141678
040188079191
006088775640
082305405101
074089753715
046097931332
074091925241
046196125125
096091229511
022303641589
001092629724
024200657657
091202452911
035304777331
084090872728
051091156235
067203943559
064089293062
083090181646
051207676970
083200213910
049096081499
086193637407
092196734254
045202679177
049305254963
026300839189
054098002446
022304399082
070197485021
087195582044
091199790193
014304174677
079305292184
068089785415
095194224967
040203145522
077192642322
038306873496
024198484760
082300722477
092095081829
084191179425
034304109261
062203577329
056207161131
089093405022
058091671647
044197830916
093190017128
033096783670
042306400522
075206292994
093194168412
064303623024
006203687524
017097331046
067194108600
046089599047
075191401630
089098891721
011198614116
094193829893
080200408038
074090461187
027097614801
024203800526
048194452894
017193656117
091197514650
045204443303
036192778012
058200120096
019193824012
017091802613
056304703810
006307554726
067306026449
086193107399
058200801656
045092433725
024191121541
077305979648
036200932960
030190354665
091196030427
017091640522
027205547870
093091369255
077197392887
092202027496
017195177435
058189532676
034099730073
082089919641
095204643689
024191811169
087200802167
008194166812
045307223370
049192335498
095097046825
077200270740
030094964459
052194964411
083094291377
054088240455
074099226791
037089585516
074095221279
077203689782
038097139388
004196423127
045089742014
046202302795
036096553294
049191619237
091099380742
037194328269
052201868414
052091473086
096305205664
087097042926
052200795821
026189918935
031091626413
064202974242
094095583849
051193426307
046097703182
027191345318
095096393560
077095620396
051202596269
048096685464
014192940048
064096708337
082204730823
064305444878
030189666033
062206955881
093305849812
052088996246
033193002790
014207458528
058194547293
084300272703
035207052184
017191432048
070098404930
006301809681
064094140200
052302136085
034194647836
036097541514
036300425000
075088612960
095206746654
067200360309
052206731127
072188382604
014088423660
042188413186
006301164579
035199890401
034199528258
037097618641
036203552948
084302978060
037092303705
079302814144
058206767321
031200651326
067188987439
079192325901
082301013364
014203405835
004198227115
014302600796
058302365664
070198665981
011192064885
074190917433
046304629119
077306062873
046306675587
035194846607
006189476684
058193326208
038095572502
046195258027
093099464102
011197706629
091093318226
082302027153
006301790492
087194142472
083302945565
052089988631
080188657991
091207419908
004305651554
066088421546
092197548402
066198828473
094200860977
074205952975
093200935766
086099421725
095188676690
027306340660
062306562361
093198003208
030096881039
075305269409
024196329015
087202428854
017201790824
079190883065
083300676086
079300204308
094198772188
049095705737
077096836432
031303892232
049305270681
027203419803
075193812318
038195807383
017195596056
004089718176
075099870180
001302851916
072097119545
075188914793
067202763521
040193311145
008303932425
066093355568
008094846293
011202684252
038099578385
036093190866
038090982322
022189060763
079202784917
095096612020
084203165248
017092881824
045202630996
072203142285
031193435880
035198838602
024303123175
042088295290
093304187915
051091737391
092091586704
096189513863
026304554925
084191660578
091195106242
080207758097
054201984696
066191017455
051097669775
030197464139
035190060213
096300184160
017098804382
096199952918
034301312345
017201075415
092205734450
062190405395
051207578541
084095345602
082302376775
056092038973
049096221185
054192937934
046205866581
062093286947
014194484682
093304654965
079090491498
048194295081
058305879223
014304392818
075300720009
027097548382
024188348485
031201275570
087095308098
049099892809
087095130322
006301596596
008195061325
042092639657
042090117888
080193930308
060303141877
054201293949
004191157359
036306042158
046091898887
052093910396
094303348030
083095157970
036198005699
022203868203
083096946378
082201967963
038098054655
044307481247
074202293933
038097309694
033300842793
038090451858
072306008830
077097033486
064207860253
044098546581
094307136582
011301816337
083302335062
056207168069
064190808699
072095183442
067191495948
084093761041
042190391939
045194874657
036304703707
035303723220
083196470224
051092259668
014091388216
046095083740
077091321086
045089579062
084199189287
006189681526
089198101928
001095226480
084189139005
036201260746
089090078876
042306946653
067089088057
011301329611
035203998632
049307532533
092096044708
075307118516
077206827064
083093003669
027197371592
060093862297
054205934468
068188563244
014204040579
044207894636
035088292511
046202079381
060303017864
056095930428
014199671009
048189087977
092199017820
036200339777
036197355094
014207911425
044197765808
022206245205
080089759017
060098746938
051303604707
031191366968
087202264583
038300453086
038188140099
036199057517
084306006888
034198501585
080096975593
056303441622
056194862398
060301675135
026190793371
006088530512
046199365785
049307685599
095098296728
062097935188
072192627124
006189443544
036194282909
001088375193
014095062406
024096190851
046202824867
084302569452
019192799420
017097392862
048196344759
095094914289
011089981933
056306471648
044092384810
031094366680
052192645190
017204613858
067200643752
011098384593
066094769962
031304330867
044195295494
036198372605
011303527722
091190789897
074192342194
006206814496
062303884749
089097527569
058095880611
035094005205
094088249183
035203729863
093099788967
024200504033
052088831156
024091064355
079094164821
014300141859
067193172062
049094967503
040097191957
086201402902
074306082995
080099856719
038094742407
056205831844
004201340348
022307945367
094089533733
062090952605
066099713491
077188006276
095306340636
045201317135
084207352619
072199967247
024191812143
035092456008
038204501335
037201177706
017188226313
075189538215
094195944091
026188464430
072094178901
024188999135
004199659869
091204743937
072093918733
022200741721
094195960928
033099785166
080091297430
075303430877
038198991632
077305457596
036195476017
095191873389
082191386242
068201852711
082094805203
096191343987
037306153821
054195673734
046301935735
008099089037
056092206769
082204416580
030201918941
037194208652
067197106046
022091148953
036091714491
079096119201
033095183628
077204739082
087188102057
036096554596
049090132904
075300879425
008201951941
074192252448
084206555991
092194063795
060304898394
092097722428
011090922098
077193233257
074302219027
027189890352
035204254703
091306515468
070098684001
087098745934
062207507511
094202494043
068303189486
070196625689
062097810390
014203303244
040097974690
045195772153
006197568447
064091308814
079307873225
087203917963
036097971267
082098812763
062203905445
001301571486
093301444616
093088263545
054195340417
052189258357
091202625803
022300445109
004191839933
095302360617
068098428719
086188716967
094204795505
017206177466
062095958555
042205225179
046192055321
006305290634
034307288321
035096062635
068304283205
026097265600
049099484651
077094314019
094202656467
083089868704
083205448756
033193003825
024200269158
026095123617
042192953146
034095287229
083095436142
096304053477
031306199315
001301853259
004099237737
082197726730
084307230794
051305974428
067199860609
045200776508
072202085272
051300887169
006307442196
033205321037
040089843241
089204289308
027199840992
052188318629
034194246160
077195253740
072098817825
056304650976
087193305941
036307927923
082303870345
011301079105
052300807526
083197998367
079097093495
046303017795
036097808565
006092802740
087304328528
031300601867
035195100253
048300015633
040205747103
064093307980
042207838187
014190135420
093199460045
017095373675
084202684238
034192017776
040200217390
082099898198
027202829548
056190290279
027300552653
084204516076
051095939129
051191344831
026192613438
096191533421
077096436673
072203680620
082304254812
042191742005
048091866162
066200681739
068193694250
094302818383
042191046605
017189836355
074188228613
066200560401
034205042326
040201694467
004301841903
030304688430
030097376836
083098093429
035097995003
026202013518
054188031637
062192441959
070088460969
049307247936
027195463467
051097148180
019092356158
070093057518
077302219075
056207945893
037193215958
046300930376
017200660215
022094103238
096306737066
070189580464
095206172692
051194575075
051302103887
091090344905
034093790937
049306907720
070197757006
042193110999
093304951348
022304272265
091196788402
031301719386
044096456184
037096879126
027204680205
096300758318
040094640614
084096880628
049196591624
095192103744
068099186277
022194402105
033195956694
045090975765
067204153672
019207845447
056196073188
048302475939
046093250069
036089141871
079303663312
066304033533
082092898336
037200841366
014206089675
008201884677
084190409800
031195709739
084099425728
058195400051
075198256056
051301353229
092300273528
045197264560
093205782879
064207229578
035198427837
077192318048
026188496808
004095134851
064196857492
049200657021
049207088029
051190130927
075191230944
089207987986
030304315481
034097385512
030201838750
024189999080
017207401585
054095017975
048195723406
038197220786
075192671195
024199473022
066195104188
083301697347
072201257388
074189698658
037307474946
074090561191
068096767828
051189154267
008092160682
046300529712
051199195682
083188186470
092093067279
066088992386
038207802727
052194611139
024302188236
052088195212
083201052182
066099117093
070089586630
089192505554
096303593187
042206396663
037190244169
026195416021
068200754622
051199321933
011201537764
068304208363
056306906065
070089696820
087197752782
082303155770
086194450180
030196063972
051200519577
036189467271
096306249326
048201359378
001190847269
095195142349
070091134409
086206457484
004197463784
083088905284
067189371245
046188108787
045207513755
011306168919
075088372571
031194275242
072307969599
022191135859
008304771552
034094154680
079091173141
054195031150
079088569829
011097327430
017190347220
054200048260
011192372427
060099235158
096304484707
030304027116
067191500098
049096115284
084093281505
026092569646
096197128700
030304873355
026098627897
042304214550
074189372242
019300791799
089207484635
060093418290
037197611173
083194006217
087204635593
017203852466
048196765137
019093693414
042303136466
051089591591
074306075930
037092705157
024206183619
035305383119
019204707517
087089839388
079099345184
056198720807
026098166944
038193937955
026198332840
008198425110
060302945057
024196586983
095200224856
008089512322
080095244530
083094735116
066096558076
094300314582
044098545235
049302123360
046095659339
037094861147
079302103150
080188514804
086193945946
046090894238
092302677914
091089049267
067090039580
051193617844
022190503604
070092963834
083199352680
037094997417
052199742479
019188055911
042207068113
060093225396
026196052566
026301336678
092091563902
051306672431
082303541155
089089705858
094193471063
068304601906
093306316008
084205148333
051092522388
008307006858
046098789717
052300136869
052300124723
066203300614
011196677412
044204560260
045094385152
024091825275
051095698526
017201694984
046207107764
049099625547
026093519999
060304918710
084198258510
054200561504
068192393135
011207250773
052206699059
083099452255
072300402785
017091694089
087202129701
038194981407
017098349607
074197428451
052193735259
049099741584
064088786383
040198702959
034095199825
027205153584
038189307688
096097031932
019303335252
075301513982
096189248137
037091316288
089204363508
080190023128
044191777761
060199905984
056088335173
072301429535
080089445566
070093610029
038204610772
089091966562
091301301325
083098358018
086204353434
062093205827
095300821643
060194475547
087194322150
074306122965
066099586537
008306506452
091192266608
052200113155
083089277547
072188880894
072197089556
062300421337
046096060102
056094784340
042091575266
014189788467
052099595997
035091991874
042204504377
049202597640
054206371181
006305986781
034200697273
079303083492
096191580149
001091967935
068201613845
070088062230
017198536226
017097980730
011097710739
036096210839
075300162376
084207102644
072303703108
074099451183
008089151713
086189677070
035206177304
033097264980
